100
805 175757 4 0.095600
904 178614 5 0.018200
428 72677 6 0.111400
346 83746 7 0.153200
801 223616 5 0.097000
902 161525 7 0.057300
891 186206 5 0.119300
947 169256 8 0.101600
122 17595 5 0.090500
681 73374 7 0.092400
146 27945 6 0.058200
691 136324 6 0.128600
865 213449 7 0.107000
445 90622 4 0.090100
199 54773 5 0.118100
771 162963 6 0.098200
183 27368 5 0.085500
251 29672 5 0.110300
906 203003 6 0.080000
406 92429 6 0.081700
783 142751 6 0.109100
484 139945 4 0.102000
487 92074 7 0.054000
123 23040 4 0.084400
267 47260 6 0.081900
227 27861 4 0.082700
581 93898 4 0.095700
833 116997 6 0.104100
307 68885 7 0.030000
627 96120 6 0.055700
586 106983 6 0.049000
929 138747 5 0.164700
320 68688 6 0.117100
261 37119 4 0.158100
531 121790 5 0.168200
735 166172 6 0.099400
607 117440 6 0.122500
537 90396 6 0.096100
348 67094 6 0.079500
185 40978 7 0.027600
531 145270 6 0.116300
753 152437 5 0.108800
575 144401 6 0.156700
630 158714 5 0.082700
610 88752 6 0.143400
905 218597 7 0.110700
615 133047 6 0.070400
785 188271 7 0.125900
508 113534 6 0.081800
601 81851 7 0.107300
585 72180 7 0.138100
470 126733 7 0.056800
171 24075 7 0.044600
949 183064 8 0.103300
958 150106 6 0.081500
964 122244 5 0.025500
726 137272 6 0.132900
377 73275 6 0.105500
296 64440 4 0.089100
548 128154 7 0.119100
403 105446 5 0.112400
208 28453 5 0.063000
670 169333 6 0.056600
859 151257 7 0.127100
737 135211 5 0.056300
614 165936 6 0.059400
915 191373 6 0.115300
566 131871 5 0.143600
221 50207 7 0.087200
155 22435 7 0.084900
715 125443 7 0.123000
105 22234 5 0.148900
564 113373 6 0.134600
737 193169 5 0.111200
840 145961 5 0.090900
981 227038 5 0.100900
273 34246 5 0.130500
398 86051 6 0.131100
873 176971 8 0.125000
329 75258 8 0.076900
848 174530 5 0.160100
599 116755 8 0.058100
142 30093 6 0.134800
940 222247 5 0.046100
895 146582 6 0.099100
731 169892 5 0.086100
160 35794 6 0.147400
533 124723 6 0.094600
370 62760 6 0.140700
497 118746 7 0.090600
521 101819 7 0.100000
594 111275 6 0.153900
233 51886 6 0.099000
741 138946 6 0.051300
726 112818 5 0.106000
200 33708 6 0.167000
506 119210 4 0.141100
410 85049 6 0.110500
886 181266 6 0.168500
904 138393 4 0.088100

# 첫 줄은 task의 개수
# 두번째 줄부터는 wcet, 주기, 메모리요구량, 메모리 활성율