100
11 2121 14 0.091200
26 5655 12 0.057800
17 3280 6 0.073600
11 1610 11 0.073600
15 2185 8 0.113500
18 4479 10 0.057600
4 696 11 0.132600
8 892 10 0.119600
26 6257 9 0.133200
23 5407 15 0.141800
19 4120 9 0.093800
22 3830 14 0.087900
24 2899 14 0.193200
18 4168 6 0.077400
28 5488 9 0.079200
4 1076 14 0.077500
23 6019 11 0.110300
26 5492 11 0.123300
29 7515 8 0.066800
25 4036 9 0.033500
5 1165 13 0.174700
19 2571 11 0.110100
16 3396 11 0.055700
3 872 14 0.158200
15 3148 11 0.088100
12 2037 10 0.192300
21 5025 12 0.107400
22 5450 9 0.168900
14 3045 7 0.082300
13 3575 11 0.151500
1 179 5 0.072300
13 2859 7 0.094600
13 1714 13 0.164300
10 1804 11 0.092300
13 2178 9 0.135100
14 3661 10 0.096800
15 2507 6 0.106400
20 4593 9 0.059400
9 2322 13 0.119800
8 1101 10 0.049400
19 4151 6 0.110900
22 4470 10 0.101800
15 2963 11 0.091900
10 1959 11 0.055800
30 6070 12 0.104800
30 5156 8 0.048900
10 1552 11 0.136700
12 3208 6 0.102600
22 4586 10 0.035100
28 5568 7 0.101200
24 4421 12 0.128200
22 5134 11 0.079800
26 6443 9 0.128000
2 424 9 0.145900
21 2999 10 0.135300
26 3752 13 0.080500
28 3519 8 0.027100
23 5677 6 0.113800
9 2146 6 0.056000
29 4937 12 0.137400
15 3707 9 0.087000
28 6323 10 0.173100
18 4848 10 0.153500
10 2435 8 0.077300
3 734 12 0.103900
29 6246 13 0.043100
3 583 11 0.102500
10 2085 13 0.091500
1 265 8 0.102900
13 2100 11 0.162200
19 4333 10 0.075900
8 919 14 0.079600
3 797 11 0.088000
30 6152 10 0.091600
12 1387 11 0.141600
28 4377 8 0.134200
9 2248 11 0.154000
23 5923 10 0.157600
25 5743 8 0.107400
26 5263 8 0.111000
28 4414 8 0.140300
23 6001 14 0.116400
3 717 10 0.088000
28 6273 12 0.105300
28 4884 8 0.073700
17 2717 9 0.075400
29 8457 9 0.176500
4 1037 11 0.131600
25 6458 13 0.067600
30 5258 7 0.057300
3 688 12 0.073600
16 2654 10 0.143100
17 3926 8 0.064600
25 4212 6 0.052400
24 4135 11 0.169600
13 2527 12 0.130800
1 188 12 0.112800
9 964 10 0.142500
27 3648 11 0.108500
8 1130 8 0.050400
